01000000010000000000000000000100
01000000100000000000000000001100
01000011000000100000000000000000
01000011110000000001000000000000
01000001000000000000000000000100
11001001000000000000000000000000
01000001000000000000000000001000
11001001000000000000000000000100
01000001000000000000000000001100
11001001000000000000000000001000
01000001000000000000000000101000
11001001000000000000000000001100
01000001000000000000000000111100
11001001000000000000000000010000
01000001000000000000000010100000
11001001000000000000000000010100
01000001000000000000001010101000
11001001001111000000000000001100
11000101001111000000000000000100
01000001010000000000000000001000
10100001100100010100000000000000
00000100000000000000000000010010
01000001000000000000000000000100
11001001001111000000000000001100
11000100111111000000000000000000
01000001000000000000000000111100
10100000110011010000000000000000
00001000000000000000000000011101
01000000110000000000000000011000
01000001000000111111111111111100
11001001001111000000000000011000
01000001010000000000000000011000
10010101100011000000000000000100
11001000000101000000000000000000
10010101010101000000000000000100
10011101100110000000000000000100
00001000000000000000000000100001
01000001110000000000000000000000
10011010110111001000000000000000
00000100000000000000000000111011
10010101010111000000000000000000
11000110010101000000000000000000
10010101010111000000000000001100
11000110100101000000000000000000
10000010000011000000000000000000
10011010111000100100000000000000
10100011011011110000000000000000
00001000000000000000000000111001
10010101011000000000000000011000
11000111010101000000000000000000
10010101101011000000000000011000
11000111100110000000000000000000
10010011101110101000000000000000
00001100000000000000000001001000
11001011100101000000000000000000
10011110001000000000000000000100
00000000000000000000000000101101
10010101110111000000000000000100
00000000000000000000000000100110
11000101101111000000000000011100
11001000001111000000000000011000
10010101010011000000000000011000
11000101000101000000000000000000
11001001001111000000000000010000
11001001101111000000000000010100
01000001000000000000001000000000
11001001001111000000000000001100
11000101001111000000000000000100
01000001010000000000000000001000
10100001100100010100000000000000
00001000000000000000000001000011
00000000000000000000000000010000
10011010111101111000000000000000
10100010111011110000000000000000
00001000000000000000000001001100
10010011101101000000000000000000
00010000000000000000000000000000
